project: TORL
group: env
name: env_train_offline
dataset_name: halfcheetah-medium-v2,halfcheetah-random-v2,halfcheetah-expert-v2
chkpt_path_nar: MBORL/config/halfcheetah/halfcheetah_medium_v2_nar.pt
chkpt_path_ar: MBORL/config/halfcheetah/halfcheetah_medium_v2_ar.pt
vae_chkpt_path: MBORL/config/halfcheetah/halfcheetah_medium_v2_vae.pt
load_chkpt: true
save_chkpt_per: 5
sequence_num: 10
hidden_dim: 128
future_num: 3
num_epochs: 100
min_updates_per_epoch: 1000
eval_episodes: 100
batch_size: 128
dynamics_lr: 3e-7 # 1e-4,1e-5,1e-6,3e-7
lr_epochs: 100 #40,80,140,200 #
dynamics_weight_decay: 1e-11
eval_seed: 42
train_seed:  0
eval_randomize: false
train_randomize: false
is_ar: true
holdout_per: 5
holdout_num: 10
use_gru_update: true
state_mean: -0.08997241,0.23824535,-0.04016893,-0.1429262,-0.17936274,-0.038139604,-0.0454299,-0.025275752,5.3762765,-0.045578077,-0.116146855,0.17529957,0.14150544,0.1784888,0.39353624,-0.14757016,-0.01756833
state_std: 0.12760065,0.816859,0.4013927,0.36978325,0.26840308,0.5032596,0.3160025,0.2851594,4.7985296,0.69505996,1.7629193,8.474394,9.0901985,6.3012414,10.568724,6.5644608,6.2746773
reward_mean: 5.0457025
reward_std: 4.7082157
gamma: 0.5
vae_hidden_dim: 1024
vae_latent_dim: 5
vae_sequence_num: 3
vae_batch_size: 1024
vae_num_epochs: 200
vae_num_updates_per_epoch: 200
vae_save_chkpt_per: 20
left_align_ratio: 1.00
right_align_ratio: 0.00
right_tail_ratio: 0.00