project: TORL
group: env
name: env_train_offline
dataset_name: walker2d-medium-v2
chkpt_path_nar: MBORL/config/walker2d/walker2d_medium_v2_nar.pt
chkpt_path_ar: MBORL/config/walker2d/walker2d_medium_v2_ar.pt
vae_chkpt_path: MBORL/config/walker2d/walker2d_medium_v2_vae.pt
load_chkpt: true
save_chkpt_per: 5
sequence_num: 10
hidden_dim: 128
future_num: 3
num_epochs: 200
min_updates_per_epoch: 1000
eval_episodes: 100
batch_size: 128
dynamics_lr: 1e-8
dynamics_weight_decay: 1e-12
eval_seed: 42
train_seed:  0
eval_randomize: false
train_randomize: false
is_ar: true  # true: auto-regressive, false: non-auto-regressive
holdout_per: 5
holdout_num: 10
use_gru_update: true
state_mean: 1.2189686,0.14164123,-0.03705529,-0.13813919,0.5138941,-0.04718518,-0.47281957,0.042268332,2.394622,-0.031455744,0.044610973,-0.024010703,-0.10130639,0.09077299,-0.004206471,-0.1214322,-0.54976344
state_std: 0.12310076,0.32416815,0.114569835,0.2623033,0.5639767,0.22717912,0.38371265,0.7373489,1.2387735,0.7979946,1.5667049,1.809477,3.025654,4.0624304,1.4590031,3.7444007,5.5849957
reward_mean: 3.393734
reward_std: 1.2347028
gamma: 0.5
vae_hidden_dim: 1024
vae_latent_dim: 4
vae_num_epochs: 200
vae_num_updates_per_epoch: 200
vae_save_chkpt_per: 20
